Trap JDay  Latitude Longitude  Altitude OctRain NovRain DecRain JanRain FebRain MarRain AprRain MayRain  C30Day  F60Day ConForest DecForest MixForest Grassland Arable InlandWater     Sea   Urban
   1  181     56.11     13.11        10    62.0    81.2   113.4    89.9    77.5    50.5    71.7    67.3    0.09    2.89     0.218     0.035     0.039     0.000  0.378       0.017   0.230   0.043
   2   95     47.48     -0.58        20    74.4    77.2   105.4   125.2   100.1    70.2    34.1    54.1    7.11    8.37     0.057     0.019     0.027     0.095  0.784       0.004   0.000   0.013
   3  170     51.76     11.44       130    57.5    43.0    29.1    45.3    52.2    39.1    42.4    55.4    1.65    4.10     0.086     0.080     0.048     0.002  0.738       0.001   0.000   0.045
   4  120     47.81      3.58       100    36.7    47.5    46.7    98.7    66.3    58.9    71.8    89.1    5.53    7.14     0.007     0.329     0.014     0.109  0.531       0.001   0.000   0.008
   5  145     55.45     -4.55        46    85.3   153.1   253.6   175.7   160.8   138.0    31.5    70.8    4.05    5.02     0.066     0.054     0.079     0.393  0.022       0.005   0.225   0.025
   6  120     52.26      0.57        70    75.3    22.4    53.0   102.2    65.5    53.3    14.3    23.3    4.80    6.51     0.011     0.008     0.002     0.004  0.875       0.001   0.074   0.026
   7   95     49.17     -0.41        10    82.9    78.9   134.8   124.6   111.6    63.4    20.1    34.9    6.80    8.18     0.001     0.033     0.007     0.480  0.196       0.000   0.268   0.014
   8  146     49.91     15.39       231    22.6    25.2    37.6    34.5    33.6    40.4    36.5    84.9   -0.32    4.49     0.109     0.006     0.040     0.014  0.809       0.002   0.000   0.020
   9  126     46.40      6.23       430    95.0    59.5   101.0   195.9   131.6    81.4    29.5   136.3    1.74    3.88     0.074     0.364     0.179     0.104  0.191       0.050   0.000   0.013
  10  144     49.13     16.66       205    39.0    17.5    27.8    27.9    20.2    41.6    30.9    62.9   -0.64    4.43     0.083     0.058     0.063     0.000  0.772       0.002   0.000   0.019
  11  112     48.07      7.35       200    32.5    19.5    49.2    93.3    57.0    81.1    44.6   130.6    3.06    4.88     0.086     0.278     0.250     0.108  0.246       0.000   0.000   0.031
  12  163     56.45     -3.05        20    55.1    79.7    72.9    96.0    97.1    35.7    30.9    62.8    3.18    4.75     0.067     0.009     0.030     0.202  0.182       0.003   0.303   0.015
  13  161     55.94     -3.30        60    56.9    77.2   128.0    92.9    91.7    51.0    27.7    54.2    3.55    4.93     0.035     0.026     0.040     0.354  0.203       0.001   0.157   0.032
  14  123     57.63     -3.33        30    69.2    57.9    70.9   113.5    65.0    50.3    54.4    55.5    2.44    3.67     0.086     0.010     0.040     0.133  0.046       0.001   0.363   0.002
  15  126     50.57      4.70       165    62.1    31.9   111.7   149.3   100.9    79.6    53.9    37.9    4.03    6.35     0.018     0.079     0.072     0.235  0.475       0.001   0.000   0.119
  16   93     52.12     -2.64        84    74.2    60.0   124.2   135.4    90.0    41.4    15.3    56.2    5.54    6.64     0.009     0.029     0.019     0.478  0.369       0.000   0.014   0.058
  17  205     57.12     14.11        10    64.0    57.1   102.2    63.8    84.2    62.3    66.4    58.2   -1.44    1.90     0.768     0.001     0.000     0.000  0.084       0.064   0.000   0.013
  18  104     52.94     -0.07         3    61.6    34.1    60.9    90.3    54.8    41.7    10.2    32.4    5.05    6.66     0.006     0.002     0.001     0.014  0.762       0.001   0.191   0.015
  19  170     58.81     15.45        90    49.2    25.1    67.9    52.7    58.9    43.1    77.2    53.6   -1.55    1.81     0.436     0.005     0.001     0.003  0.378       0.131   0.009   0.022
  20   37     38.38     23.12        94   133.7    57.1   133.1   150.3    13.7    62.2    12.9    11.9    8.28   10.58     0.028     0.013     0.022     0.044  0.229       0.005   0.335   0.020
  21  198     58.58     13.24        70    56.9    39.9    75.1    54.5    53.1    49.2    53.8    51.9   -1.63    2.19     0.275     0.007     0.002     0.006  0.359       0.320   0.000   0.012
  22   82     48.11     -1.80        40    71.5    67.1   114.8   131.5   114.1    64.7    26.4    54.1    7.04    8.78     0.024     0.012     0.017     0.183  0.705       0.000   0.044   0.013
  23  170     49.90      5.38       550    86.2    67.1   142.3   257.7   134.2   127.9    89.5    60.1    7.98    5.82     0.018     0.322     0.141     0.345  0.152       0.000   0.000   0.022
  24  171     49.55     15.54       505    31.8    36.3    38.6    39.6    37.9    42.6    37.8    77.2   -1.55    2.95     0.135     0.009     0.057     0.011  0.775       0.002   0.000   0.010
  25  105     51.43     -2.67        46   106.4   104.4   160.3   177.4   108.0    56.2    31.2    60.6    6.34    7.38     0.012     0.026     0.019     0.464  0.342       0.000   0.087   0.033
  26  103     50.45      2.79        40    66.4    33.9    73.6   125.1    78.5    63.0    48.0    43.4    4.97    7.01     0.004     0.007     0.004     0.048  0.873       0.000   0.001   0.063
  27   19     43.58      3.88        30   159.8    73.3    18.2    62.3    23.3    29.7    67.5    23.8    7.87   10.32     0.153     0.019     0.057     0.012  0.140       0.021   0.330   0.010
  28  139     55.21     -1.68        93    51.4    78.3    49.5    75.8    73.1    33.8    30.5    41.4    4.03    5.26     0.038     0.020     0.015     0.267  0.118       0.001   0.450   0.022
  29  122     47.84      1.92       120    42.1    69.8    60.5    98.8    70.9    65.7    66.7    63.3    5.69    7.48     0.151     0.093     0.079     0.013  0.644       0.000   0.000   0.019
  30   92     48.52     -4.32        80   120.0    73.2   185.0   267.9   202.2    86.6    57.9    60.9    9.11    9.25     0.008     0.001     0.010     0.041  0.377       0.000   0.553   0.009
  31  101     46.56      0.33        80    82.5    90.6    96.9   122.1   112.1    83.2    41.9    55.5    5.87    7.65     0.038     0.018     0.022     0.162  0.749       0.000   0.000   0.010
  32    1     45.99     13.18        75   116.7    55.8    39.4    59.7   104.9   150.5    44.1   205.2    5.19    6.83     0.144     0.146     0.162     0.024  0.317       0.005   0.152   0.019
  33  121     53.85     -2.76        15   143.4   109.0   218.1   211.6   153.9   104.8    25.4    61.6    4.40    5.55     0.007     0.008     0.005     0.401  0.092       0.001   0.285   0.088
  34  122     46.42     15.88       227   120.2    60.4    89.2    55.7    72.4    88.3    61.1    93.1    1.39    5.32     0.092     0.153     0.160     0.021  0.570       0.000   0.000   0.003
  35  141     49.26      4.03        80    37.8    28.8    63.4   107.4    76.7    61.5    61.5    57.2    4.41    7.13     0.020     0.208     0.029     0.080  0.644       0.000   0.000   0.010
  36  100     51.81     -0.36       119    86.4    42.8    81.3   129.6    80.2    58.0    15.7    34.3    5.05    6.70     0.008     0.022     0.006     0.088  0.733       0.001   0.006   0.137
  37  108     46.24     14.41       404   235.4    99.2   100.3    85.5   189.6   201.4    56.7   160.4   -0.28    2.40     0.239     0.260     0.308     0.012  0.168       0.002   0.000   0.005
  38  127     50.63     -3.45        12   103.6    97.7   128.1   178.4   112.0    44.4    22.1    34.0    7.50    7.95     0.002     0.011     0.004     0.483  0.073       0.000   0.409   0.013
  39  198     57.98     18.41        10    46.3    30.0    80.3    53.7    50.5    38.3    69.4    64.3    1.41    3.07     0.042     0.001     0.021     0.020  0.047       0.000   0.866   0.001
  40  122     47.16     20.22        88    38.8    18.1    24.9    26.0    45.3    28.6    43.8    49.7    0.42    5.97     0.007     0.000     0.001     0.060  0.883       0.002   0.000   0.028
  41  123     53.86     -1.34        98    61.0    85.8   106.1   109.5    82.7    48.3    17.8    37.9    4.48    5.71     0.015     0.011     0.007     0.270  0.522       0.000   0.008   0.067
  42  189     60.39     18.13        20    46.2    18.1    37.9    56.0    43.1    41.7    74.6    41.2   -0.39    1.41     0.259     0.002     0.000     0.001  0.179       0.021   0.518   0.010
  43   85     44.98      4.96       150   103.8   103.1    17.3    83.0    97.9    31.4   131.2   118.8    5.71    7.37     0.196     0.153     0.145     0.075  0.401       0.001   0.000   0.021
  44  195     57.49     14.69       200    60.9    43.4    91.3    52.3    77.3    53.3    65.1    57.7   -1.50    1.17     0.760     0.002     0.000     0.001  0.117       0.079   0.000   0.014
  45   74     39.73     23.32        85   109.3    53.1    69.2    80.5    16.5    36.6     7.4    39.8    5.96    9.48     0.015     0.041     0.027     0.020  0.100       0.000   0.733   0.002
  46  145     49.46     17.29       206    50.4    16.5    35.6    31.8    25.3    46.8    37.4    73.9   -0.46    4.28     0.128     0.072     0.125     0.003  0.646       0.000   0.000   0.022
  47   92     48.80      2.11       130    41.4    49.4    54.1   113.8    73.0    62.4    73.5    63.7    5.85    7.40     0.033     0.147     0.044     0.004  0.648       0.000   0.000   0.125
  48   72     51.73      0.43        38    79.7    25.3    63.9   117.6    66.7    52.1    11.3    21.8    5.52    6.81     0.005     0.010     0.006     0.057  0.640       0.000   0.157   0.125
  49  123     51.20      0.94        43   107.2    33.3    92.5   137.4    80.1    61.8    17.2    26.8    5.75    7.06     0.004     0.007     0.006     0.098  0.300       0.000   0.536   0.048
  50  141     50.32     13.55       240    15.3    20.1    39.5    32.6    25.8    34.1    66.1    65.4   -0.95    3.69     0.186     0.026     0.056     0.177  0.515       0.002   0.000   0.038
